1
1784
0020
2
0514
0043
3
0356
0176
1
1843
0025
2
0286
0050
3
0326
0304
1
0900
0003
2
0240
0030
3
0324
0003
1
0505
0000
2
0205
1991
3
0326
1513
1
1607
0020
2
0448
0043
3
0355
0125
1
0539
3742
2
0204
8914
3
0368
2980
1
2479
0003
2
0742
0043
3
0377
0123
1
2316
0021
2
0537
0044
3
0361
0123
1
1795
0003
2
0652
0043
3
0383
0125
1
2336
0021
2
0481
0044
3
0355
0121
1
1811
0003
2
0660
0044
3
0377
0122
1
2286
0025
2
0327
0050
3
0356
0123
1
1050
0023
2
0257
0048
3
0330
0123
1
1456
0024
2
0279
0049
3
0336
0127
1
0514
0001
2
0205
0003
3
0324
4974
1
2630
0026
2
0375
0051
3
0364
0124
1
1493
0020
2
0380
0044
3
0352
0126
1
0824
0002
2
0303
0043
3
0349
0126
1
2598
0021
2
0437
0045
3
0371
0020
1
0700
0327
2
0274
0042
3
0343
0123
1
1515
0020
2
0385
0044
3
0364
0123
1
1131
0004
2
0256
0031
3
0334
0004
1
1570
0025
2
0286
0052
3
0348
0024
1
0810
0003
2
0237
0030
3
0331
0106
1
1897
0025
2
0302
0052
3
0350
0024
1
0771
0004
2
0240
0031
3
0332
0027