1
1606
0134
2
0234
0040
3
0351
0428
1
2028
0022
2
0278
0046
3
0344
0075
1
2046
7463
2
0273
7558
3
0348
7474
1
3146
0020
2
0917
0060
3
0433
0029
0362
0032
1
3300
0021
2
0262
0120
3
0354
5646
1
1515
6276
2
0228
6374
3
0337
6978
1
0656
0011
2
0205
0000
3
0334
9127
1
0618
0111
2
0223
0020
3
0327
0402
1
0699
0131
2
0228
0040
3
0331
0069
1
0630
0011
2
0205
0000
3
0331
1090
1
1071
0132
2
0237
0039
3
0334
0012
1
0791
0003
2
0240
0027
3
0337
0056
1
0513
0001
2
0226
0026
3
0328
0053
1
1207
0023
2
0257
0047
3
0343
0075
1
1234
0020
2
0267
0050
3
0343
0077
1
1450
0023
2
0279
0047
3
0355
0077
1
0553
0004
2
0205
0000
3
0326
5226
1
0647
0110
2
0253
0042
3
0334
0010
1
0650
0010
2
0205
0000
3
0323
0011
1
0922
0127
2
0298
0059
3
0348
0029
1
0501
0000
2
0205
0016
3
0329
2427
1
1659
0022
2
0288
0029
3
0347
0035
1
2323
0024
2
0299
0117
3
0371
0036
1
0616
0004
2
0205
0000
3
0338
4229
1
0824
7788
2
0237
7883
3
0331
7800
1
1852
0024
2
0299
0067
3
0358
0035