1
1009
0003
2
0245
0035
3
0334
4948
1
0598
0002
2
0233
0039
3
0331
9882
1
0820
0072
2
0290
0041
3
0327
0071
1
0925
0003
2
0233
0012
3
0325
0022
1
0652
0002
2
0240
0038
3
0334
5567
217
217
1
1204
0003
2
0257
0035
3
0337
0063
1
2400
0020
2
0311
0053
3
0349
0080
1
2382
0020
2
0299
0053
3
0348
0078
1
1537
0003
2
0268
0037
3
0340
0065
1
1569
0021
2
0262
0053
3
0342
0080
1
2146
0004
2
0340
0043
3
0353
0071
1
1207
0003
2
0260
0041
3
0340
0072
1
1463
0003
2
0301
0042
3
0348
0071
1
1408
0003
2
0273
0042
3
0343
0071
1
1240
0003
2
0266
0041
3
0340
0069
1
0858
0003
2
0257
0038
3
0324
0021
1
0950
0003
2
0247
0037
3
0332
0023
1
1180
0021
2
0302
0117
3
0340
0039
1
1169
0020
2
0319
0116
3
0346
0038
1
1405
0020
2
0314
0117
3
0344
0039
1
1388
0073
2
0498
0042
3
0337
0025
1
1198
0074
2
0363
0044
3
0331
0029
1
0861
0073
2
0300
0042
3
0334
0070
1
1062
0074
2
0334
0043
3
0331
0071
1
2353
0093
2
0850
0062
3
0349
0045