1
1594
0003
2
0255
0036
3
0338
0074
1
1206
0058
2
0286
0039
3
0327
0178
1
1307
0004
2
0298
0034
3
0344
0128
1
0722
0052
2
0257
0140
3
0334
0177
1
1676
0057
2
0252
0037
3
0338
0178
1
1332
0004
2
0268
0039
3
0352
0076
1
0613
0003
2
0205
0027
3
0330
0026
1
0892
0055
2
0231
0041
3
0340
0074
1
1638
0057
2
0253
0041
3
0360
0076
1
1278
0003
2
0271
0041
3
0365
0076
1
1095
0059
2
0411
0040
3
0334
0082
1
1228
0058
2
0306
0039
3
0333
0180
1
0566
0002
2
0227
0032
3
0328
0129
1
1284
0060
2
0523
0041
3
0337
0182
1
0887
0055
2
0269
0037
3
0329
0177
1
1283
0076
2
1118
0144
3
0350
0100
1
0689
0076
2
0365
0140
3
0334
0097
1
1375
0077
2
1237
0142
3
0351
0099
1
0791
0076
2
0317
0140
3
0332
1478
1
1096
0076
2
0514
0141
3
0332
0029
1
1567
0053
2
0360
0080
3
0348
0096
1
1752
0023
2
0628
0050
3
0352
0137
1
1159
0022
2
0296
0050
3
0344
0066
1
0992
0022
2
0392
0051
3
0352
0066
1
1142
0022
2
0377
0051
3
0345
0067