1
0577
0002
2
0246
0079
3
0339
0052
1
0885
0018
2
0405
0049
3
0375
0065
1
0505
0005
2
0205
0040
3
0370
3490
1
0953
7116
2
0377
7147
3
0361
7239
1
0564
0017
2
0254
0080
3
0358
0056
1
0535
0000
2
0205
2714
3
0321
8390
1
1828
0048
2
0931
0044
3
0363
0096
1
1335
0019
2
0411
0050
3
0379
0067
1
0917
0020
2
0284
0049
3
0366
0058
1
1793
0047
2
0512
0042
3
0381
0095
1
0763
0019
2
0254
0048
3
0345
0060
1
0774
0014
2
0345
0047
3
0383
0062
1
1120
0040
2
1014
0072
3
0463
0090
1
0762
0003
2
0547
0035
3
0387
0051
1
1478
0039
2
0927
0071
3
0463
0088
1
1770
0041
2
1906
0072
3
0619
0089
1
0540
0002
2
0250
0029
3
0350
0036
1
0533
0188
2
0256
0031
3
0353
0046
1
0557
0184
2
0288
0029
3
0357
0040
1
0642
0179
2
0349
0030
3
0386
0039
1
0514
0005
2
0205
0037
3
0325
1914
1
0791
0047
2
0265
0115
3
0436
0092
1
0591
0003
2
0233
0072
3
0395
0049
1
0514
0001
2
0205
0036
3
0344
8201
1
0801
0194
2
0257
0040
3
0411
0049
1
1328
0048
2
0282
0115
3
0564
0094