1
0506
0000
2
0364
0073
3
0356
0091
1
2934
0004
2
1106
0079
3
0485
0098
1
1647
0059
2
0382
0022
3
0428
0094
1
0563
0000
2
0205
0008
3
0334
6183
1
1150
0058
2
0354
0076
3
0395
0095
1
0509
0000
2
0205
3022
3
0344
9375
1
1421
0003
2
0931
0076
3
0436
0094
1
2180
0004
2
1444
0077
3
0592
0095
1
0867
0003
2
0482
0076
3
0376
0093
1
1910
0004
2
1349
0076
3
0553
0094
1
0709
0002
2
0717
0076
3
0401
0093
1
1331
0004
2
0531
0078
3
0400
0098
1
1404
0004
2
0386
0078
3
0381
0096
1
1270
0004
2
0435
0078
3
0398
0098
1
1354
0003
2
0470
0078
3
0386
0095
1
0618
0002
2
0249
0077
3
0345
00971
1963
0003
2
0809
0074
3
0639
0094
1
1935
0003
2
0606
0074
3
0576
0095
1
0824
0050
2
0257
0122
3
0395
0092
1
1246
0052
2
0352
0073
3
0454
0094
1
0592
0003
2
0250
0076
3
0382
0046
1
2361
0060
2
0643
0077
3
0618
0095
1
1399
0058
2
0397
0021
3
0447
0094
1
1892
0058
2
0619
0021
3
0626
0094
1
1515
0058
2
0463
0020
3
0484
0094
1
2251
0059
2
0974
0021
3
0674
0094