1
1061
0019
2
0234
0043
3
0333
0122
1
1233
0004
2
0294
0031
3
0332
0004
1
1008
0004
2
0233
0087
3
0347
8304
1
0791
0018
2
0205
0000
3
0334
0023
1
0674
9163
2
0222
9189
3
0337
4309
1
1706
0020
2
0273
0045
3
0350
0123
1
0747
0019
2
0235
0043
3
0346
0123
1
1380
0020
2
0269
0045
3
0355
0123
1
0751
0019
2
0231
0043
3
0340
0123
1
0549
0019
2
0234
0043
3
0339
0127
1
2108
0020
2
0317
0031
3
0386
0010
1
0682
0002
2
0225
0013
3
0336
0007
1
0824
0137
2
0243
0029
3
0358
0009
1
0639
0005
2
0205
0012
3
0340
8235
1
0944
0020
2
0228
0031
3
0355
0011
1
0546
0003
2
0205
0000
3
0330
7514
1
1773
0024
2
0392
0051
3
0351
0023
1
1502
0024
2
0345
0052
3
0354
0023
1
0568
0002
2
0241
0029
3
0330
0001
1
0730
0003
2
0255
0031
3
0336
0002
1
1267
0004
2
0239
0087
3
0339
0009
1
0669
0003
2
0225
0028
3
0341
0106
1
0964
0004
2
0235
0026
3
0341
0007
1
1078
0005
2
0240
0028
3
0342
0006
1
0924
0004
2
0236
0110
3
0342
0009