1
0927
0109
2
0436
0059
3
0354
0135
1
0640
0002
2
0267
0044
3
0326
0014
1
0604
0095
2
0265
0085
3
0334
1032
1
1121
0092
2
0402
0043
3
0381
7439
1
0521
0000
2
0235
5190
3
0334
1091
1
1469
3130
2
0738
3172
3
0340
3337
1
0744
0017
2
0236
0003
3
0331
0224
1
1410
0125
2
0689
0059
3
0351
0027
1
0824
0093
2
0356
0042
3
0337
0010
1
1177
0124
2
0467
0058
3
0344
0028
1
1014
0106
2
0404
0041
3
0339
0008
1
1164
0004
2
0514
0090
3
0340
0014
1
2785
0094
2
2424
0111
3
0401
0037
1
0768
0003
2
0313
0089
3
0334
0015
1
0751
0105
2
0291
0088
3
0334
0014
1
0704
0105
2
0276
0089
3
0330
0011
1
0612
0003
2
0225
0000
3
0326
0125
1
0892
0078
2
0299
0029
3
0334
0005
1
0824
0004
2
0237
0000
3
0327
0029
1
1232
0092
2
0411
0043
3
0348
0004
1
0560
0003
2
0221
0000
3
0325
5156
1
0700
0096
2
0253
0043
3
0332
0019
1
0684
0097
2
0259
0087
3
0330
0019
1
0965
0097
2
0299
0045
3
0334
0007
1
0640
0095
2
0247
0043
3
0345
8286
1
0973
0096
2
0339
0045
3
0340
0020