1
1752
0021
2
0976
0111
3
0368
0040
1
0573
0002
2
0272
4367
3
0325
4326
1
0514
0002
2
0220
0554
3
0324
0122
1
1668
0107
2
1176
0091
3
0337
9591
1
0508
0001
2
0205
0022
3
0326
4432
1
1084
0112
2
0635
0093
3
0340
0018
1
0850
0111
2
0465
0093
3
0333
0022
1
0716
0105
2
0328
0088
3
0330
4866
1
0552
0004
2
0205
0000
3
0324
4245
1
0747
0106
2
0352
0089
3
0329
0042
1
0564
0241
2
0281
0096
3
0327
0025
1
0553
0279
2
0242
0022
3
0327
5203
1
0649
0113
2
0334
0095
3
0332
0174
1
1058
0114
2
0524
0096
3
0343
0025
1
0734
0112
2
0350
0095
3
0334
2303
1
0755
0094
2
0703
0091
3
0339
0014
1
0558
0104
2
0410
0088
3
0332
0012
1
1321
0114
2
1756
0111
3
0349
0032
1
0983
0028
2
1275
0111
3
0344
0341
1
1325
0028
2
1535
0110
3
0344
0038
1
1802
0057
2
0710
0114
3
0353
0127
1
0669
0109
2
0313
0090
3
0337
0100
1
0885
0093
2
0437
0091
3
0347
0106
1
1000
0092
2
0491
0091
3
0344
0105
1
1423
0094
2
0688
0093
3
0353
0105
