1
0617
0201
2
0298
0093
3
0334
6520
1
0584
0200
2
0363
0035
3
0337
0049
1
0602
0024
2
0303
0021
3
0339
0035
1
0658
0055
2
0269
0039
3
0399
1040
1
0512
0000
2
0241
8354
3
0326
8438
1
0633
0190
2
0285
0046
3
0340
0123
1
0535
0004
2
0205
0049
3
0323
8469
1
0531
0003
2
0205
0051
3
0324
3111
1
0605
0193
2
0286
0046
3
0332
0125
1
0754
0244
2
0411
0043
3
0334
0025
1
0810
0007
2
0524
0029
3
0346
0044
1
0639
0193
2
0349
0028
3
0340
0041
1
1278
0008
2
1173
0030
3
0365
0113
1
0781
0006
2
0386
0029
3
0340
0042
1
1436
0006
2
0726
0028
3
0362
0109
1
0870
0135
2
0809
0042
3
0358
0118
1
0564
0004
2
0324
0014
3
0337
0021
1
0665
0058
2
0411
0041
3
0341
0040
1
0943
0081
2
0790
0043
3
0345
0120
1
1204
0136
2
0967
0043
3
0361
0120
1
0534
0002
2
0294
0020
3
0344
0018
1
1119
0061
2
0727
0079
3
0394
0077
1
1451
0106
2
1482
0125
3
0428
0122
1
0659
0023
2
0366
0041
3
0360
0039
1
1116
0061
2
0871
0080
3
0397
0076
