1
0633
0003
2
0268
0023
3
0340
0036
1
1714
0020
2
0267
0041
3
0402
0051
1
1732
0021
2
0447
0054
3
0355
0054
1
1181
0006
2
0288
0045
3
0349
0041
1
0988
0004
2
0236
0034
3
0334
0034
1
0527
0004
2
0248
0023
3
0334
0034
1
1052
0005
2
0296
0028
3
0359
0038
1
1245
0005
2
0440
0025
3
0365
0036
1
0967
0005
2
0299
0030
3
0356
0043
1
1790
0007
2
1058
0029
3
0395
0037
1
2328
0004
2
0535
0052
3
0610
0052
1
0987
0003
2
0263
0051
3
0389
0053
1
0942
0003
2
0281
0050
3
0394
0053
1
0576
0176
2
0249
0033
3
0356
0034
1
0614
0190
2
0253
0047
3
0361
0050
1
1926
0026
2
0886
0064
3
0435
0064
1
1436
0026
2
0437
0064
3
0389
0065
1
2396
0027
2
0847
0064
3
0435
0063
1
1770
0026
2
0535
0064
3
0397
0065
1
1694
0027
2
0799
0064
3
0495
0066
1
1702
0023
2
0641
0055
3
0366
0058
1
1570
0022
2
0395
0053
3
0351
0057
1
2040
0022
2
0443
0054
3
0364
0055
1
2354
0038
2
0989
0070
3
0388
0074
1
2044
0023
2
0606
0055
3
0370
0057
