1
0964
0003
2
0250
0051
3
0369
0051
1
0956
0004
2
0444
0008
3
0370
0053
1
0540
0003
2
0236
0037
3
0332
0040
1
0892
0191
2
0865
0052
3
0360
0052
1
1030
0003
2
0319
0053
3
0372
0054
1
0512
0190
2
0234
0048
3
0354
0050
1
1405
0004
2
0386
0052
3
0461
0053
1
2189
0005
2
0785
0054
3
0630
0054
1
0503
0000
2
0205
0133
3
0332
0186
1
1019
0004
2
0298
0052
3
0409
0053
1
1340
0004
2
0813
0008
3
0441
0054
1
1053
0004
2
0510
0008
3
0381
0052
1
0788
0004
2
0368
0007
3
0369
0055
1
1411
0042
2
0809
0047
3
0410
0092
1
0880
0004
2
0463
0008
3
0386
0056
1
0598
0035
2
0479
0051
3
0344
0054
1
1378
0055
2
1793
0072
3
0429
0073
1
1318
0054
2
1805
0072
3
0428
0072
1
0822
0053
2
0903
0070
3
0362
0072
1
0884
0036
2
1121
0053
3
0363
0055
1
2381
0034
2
0452
0073
3
0347
0071
1
2475
0033
2
0847
0073
3
0356
0071
1
1530
0035
2
0624
0073
3
0368
0073
1
2619
0034
2
1169
0074
3
0379
0071
1
2067
0034
2
0879
0074
3
0364
0072
