1
1433
0020
2
0749
0031
3
0381
0003
1
1783
0004
2
0265
0020
3
0341
0110
1
0738
0003
2
0298
0018
3
0327
0212
1
0502
0000
2
0296
0012
3
0336
0097
1
1022
0003
2
0325
0016
3
0334
0101
1
1351
0093
2
0824
0031
3
0406
0005
1
0755
0092
2
0820
0030
3
0391
0007
1
0604
0090
2
0373
0029
3
0363
0003
1
1167
0092
2
0726
0031
3
0395
0003
1
0867
0091
2
0629
0029
3
0384
0002
1
0882
0003
2
0273
0019
3
0343
0110
1
1427
0004
2
0271
0018
3
0337
0107
1
1801
0004
2
0429
0019
3
0359
0073
1
3258
0026
2
0722
0041
3
0510
0012
1
1404
0004
2
0281
0019
3
0334
0198
1
0631
0002
2
0386
0015
3
0334
0098
1
1078
0003
2
0609
0016
3
0339
0101
1
1378
0017
2
0804
0031
3
0463
0000
1
0556
0001
2
0357
0015
3
0333
0100
1
2000
0019
2
1198
0032
3
0575
0002
1
2059
0019
2
1462
0034
3
0747
0002
1
1068
0003
2
0653
0018
3
0344
0071
1
1030
0003
2
0766
0018
3
0351
0071
1
1166
0003
2
0709
0018
3
0342
0075
1
2345
0020
2
1650
0035
3
0753
0003

