1
1127
0018
2
0284
0102
3
0398
0018
1
1836
0024
2
0647
0036
3
0426
0024
1
0549
0091
2
0236
0145
3
0345
0001
1
1635
0109
2
0579
0045
3
0476
0012
1
0560
0003
2
0228
0058
3
0327
5191
1
1170
0085
2
0275
0140
3
0334
0202
1
0529
0082
2
0243
0140
3
0327
1852
1
1838
0132
2
0483
0103
3
0556
0020
1
1717
0132
2
0394
0103
3
0485
0019
1
0889
0114
2
0286
0085
3
0391
0001
1
1072
0097
2
0352
0085
3
0380
0004
1
1420
0097
2
0375
0085
3
0402
0004
1
1098
0096
2
0280
0084
3
0367
0004
1
1296
0096
2
0307
0085
3
0383
0004
1
1220
0097
2
0331
0016
3
0377
0003
1
2300
0111
2
1022
0047
3
0700
0013
1
0588
0002
2
0251
0056
3
0327
1642
1
0992
0080
2
0486
0016
3
0361
0066
1
2042
0111
2
0997
0046
3
0662
0012
1
1351
0093
2
0521
0029
3
0387
0000
1
1681
0099
2
0327
0036
3
0675
0002
1
2101
0098
2
0406
0017
3
0555
0001
1
2178
0097
2
0330
0016
3
0521
0000
1
1969
0095
2
0315
0014
3
0463
0000
1
1511
0096
2
0334
0015
3
0503
0000
