1
0859
0102
2
0437
0021
3
0359
0010
1
0547
0004
2
0256
0042
3
0330
3506
1
0538
0005
2
0308
0044
3
0339
0004
1
0927
0004
2
0400
0014
3
0366
0004
1
0563
0004
2
0279
0047
3
0331
0009
1
0504
0000
2
0205
8162
3
0319
0163
1
1143
0103
2
0768
0022
3
0379
0011
1
1440
0101
2
0953
0022
3
0409
0011
1
1298
0005
2
0635
0016
3
0380
0006
1
1651
0102
2
1021
0022
3
0411
0012
1
1464
0006
2
0815
0017
3
0397
0006
1
0875
0107
2
0429
0143
3
0373
0013
1
0824
0102
2
0381
0022
3
0379
0013
1
1374
0127
2
0537
0165
3
0398
0035
1
0711
0105
2
0367
0143
3
0367
0014
1
0988
0103
2
0521
0144
3
0397
0014
1
1852
0030
2
0824
0039
3
0435
0022
1
0985
0005
2
0426
0105
3
0377
0000
1
1950
0029
2
0868
0130
3
0452
0021
1
1409
0101
2
0672
0114
3
0411
0013
1
0916
0005
2
0442
0105
3
0382
0001
1
0572
0093
2
0365
0103
3
0365
0008
1
1917
0122
2
1850
0129
3
0505
0035
1
0614
0095
2
0474
0104
3
0365
0010
1
1249
0120
2
0811
0129
3
0432
0034
1
0630
0095
2
0349
0105
3
0377
0010
