1
0881
0004
2
0350
0071
3
0346
0026
1
0501
0000
2
0205
0017
3
0327
0019
1
1530
0074
2
0400
0099
3
0373
0100
1
0551
0000
2
0205
3625
3
0325
4393
1
0700
0003
2
0274
0027
3
0340
0030
1
0729
0004
2
0264
0070
3
0341
0028
1
0519
0000
2
0204
6405
3
0318
4597
1
1077
0005
2
0340
0072
3
0352
0027
1
1076
0078
2
0333
0014
3
0354
0092
1
1487
0079
2
0445
0147
3
0381
0103
1
1048
0078
2
0369
0145
3
0368
0102
1
1030
0037
2
0305
0104
3
0352
0049
1
1096
0040
2
0277
0107
3
0392
0053
1
1607
0017
2
0321
0066
3
0411
0067
1
1448
0040
2
0328
0107
3
0411
0054
1
2270
0044
2
0454
0015
3
0506
0094
1
1385
0040
2
0326
0108
3
0411
0053
1
2475
0087
2
1270
0111
3
0410
0110
1
1618
0087
2
1091
0111
3
0411
0107
1
0503
0000
2
0290
0101
3
0354
0101
1
0722
0077
2
0356
0100
3
0352
0095
1
0641
0080
2
0342
0104
3
0363
0101
1
2791
0097
2
1314
0071
3
0727
0111
1
0729
0005
2
0261
0027
3
0366
0021
1
1408
0078
2
0730
0053
3
0465
0094
1
1632
0077
2
0577
0050
3
0485
0091
1
0708
0003
2
0246
0025
3
0359
0019
