1
0805
0004
2
0246
0017
3
0375
3569
1
0540
0003
2
0316
0015
3
0339
0021
1
0523
0002
2
0220
0010
3
0338
0021
1
0514
0001
2
0229
4013
3
0337
0764
1
0927
2419
2
0298
2426
3
0369
2435
1
1086
0025
2
1106
0040
3
0452
0049
1
1102
0028
2
0959
0042
3
0587
0050
1
0764
0020
2
0653
0033
3
0389
0042
1
0882
0029
2
0453
0035
3
0433
0042
1
1261
0030
2
1076
0047
3
0411
0054
1
1331
0033
2
0347
0046
3
0444
0052
1
1193
0033
2
0295
0047
3
0437
0051
1
1151
0033
2
0291
0045
3
0411
0049
1
0933
0022
2
0267
0035
3
0403
0040
1
0630
0005
2
0240
0016
3
0361
0020
1
1757
0089
2
1147
0013
3
0817
0104
1
0986
0077
2
0569
0001
3
0469
0093
1
1202
0090
2
0568
0050
3
0531
0094
1
0677
0004
2
0205
0010
3
0402
0019
1
1064
0032
2
0227
0037
3
0473
0035
1
1365
0042
2
0593
0001
3
0498
0043
1
0766
0034
2
0243
0026
3
0356
0034
1
1166
0034
2
0260
0027
3
0443
0036
1
1387
0042
2
0563
0001
3
0411
0044
1
1826
0075
2
0697
0032
3
0432
0074
