1
1704
0004
2
0658
0047
3
0347
0054
1
2839
0004
2
0278
0043
3
0334
7563
4077
1
0755
0003
2
0249
0015
3
0327
1446
1
1149
0041
2
0577
0032
3
0354
0115
1
0824
0003
2
0221
0015
3
0370
9650
1
1677
0004
2
0772
0047
3
0338
0055
1
2426
0003
2
1323
0046
3
0346
0249
1
1315
0003
2
0503
0046
3
0341
0273
1
2357
0004
2
0945
0046
3
0344
0248
1
1182
0003
2
0490
0046
3
0337
02491
2183
0004
2
0245
0043
3
0340
0252
1
3267
0025
2
0701
0002
3
0339
0269
1
1124
0003
2
0248
0046
3
0332
5377
1
0846
0003
2
0205
0004
3
0327
0097
1
2626
0024
2
0518
0000
3
0332
0263
1
1030
0029
2
0563
0017
3
0352
0062
1
1812
0090
2
0967
0082
3
0360
0161
1
1000
0024
2
0348
0015
3
0334
0057
1
1085
0025
2
0463
0015
3
0340
0059
1
1116
0025
2
0469
0016
3
0357
0061
1
1468
0090
2
0465
0084
3
0336
0163
1
1900
0092
2
0597
0085
3
0345
0168
1
1519
0021
2
0384
0014
3
0332
0092
1
3100
0092
2
0977
0085
3
0361
0166
1
2859
0091
2
1030
0084
3
0352
0164

