1
0647
0197
2
0389
0015
3
0345
0096
1
0777
0004
2
0315
0015
3
0329
0183
1
0675
0019
2
0205
0000
3
0328
4007
1
0613
0026
2
0327
0036
3
0545
0001
1
0514
0000
2
0205
1103
3
0324
4149
1
0662
0195
2
0327
0015
3
0354
0097
1
0533
0003
2
0221
0000
3
0332
9375
1
0697
0195
2
0352
0016
3
0357
0096
1
0780
0195
2
0337
0015
3
0365
0095
1
1068
0022
2
0411
0036
3
0508
0000
1
0893
0025
2
0398
0036
3
0535
0001
1
0759
0024
2
0388
0035
3
0504
0000
1
1065
0026
2
0507
0038
3
0592
0003
1
0859
0024
2
0402
0036
3
0527
0001
1
0689
0003
2
0290
0014
3
0332
0091
1
1124
0033
2
0822
0036
3
0817
0004
1
0820
0030
2
0646
0033
3
0557
0002
1
0823
0002
2
0486
0005
3
0353
0091
1
1000
0032
2
0661
0034
3
0601
0003
1
0793
0237
2
0651
0033
3
0519
0001
1
2073
0033
2
0327
0036
3
1119
0005
1
1541
0031
2
0298
0035
3
0763
0003
1
1805
0031
2
0287
0084
3
0844
0003
004
004
1
1280
0029
2
0269
0034
3
0553
0001
