1
1865
0028
2
0785
0078
3
0979
0004
1
1506
0010
2
0618
0015
3
0862
0003
1
0726
0184
2
0493
0074
3
0511
0001
1
1987
0030
2
0995
0080
3
1177
0004
1
0664
0004
2
0390
0054
3
0336
1620
1
2872
0030
2
1476
0080
3
1363
0004
1
1946
0028
2
0899
0041
3
0908
0005
1
1302
0025
2
0499
0038
3
0639
0003
1
1936
0027
2
0809
0041
3
0873
0004
1
1307
0024
2
0452
0037
3
0524
0001
1
0858
0026
2
0661
0075
3
0979
0005
1
0776
0009
2
0390
0015
3
0701
0003
1
1134
0010
2
0615
0015
3
0824
0003
1
1101
0010
2
0502
0015
3
0646
0003
1
0767
0009
2
0411
0014
3
0527
0001
1
2144
0033
2
1945
0082
3
1490
0005
1
2142
0032
2
1581
0081
3
1421
0004
1
1146
0030
2
0508
0078
3
0604
0002
1
0507
0001
2
0257
0052
3
0345
6711
1
1273
0031
2
0672
0079
3
0718
0003
1
0531
0008
2
0225
0006
3
0476
0006
1
0963
0154
2
1050
0077
3
0743
0003
1
0880
0154
2
0724
0077
3
0596
0003
1
1512
0156
2
2025
0078
3
1195
0005
1
0801
0154
2
0914
0076
3
0680
0002
