1
0958
0010
2
0411
0009
3
0444
0001
1
0921
0162
2
0999
0105
3
0468
0006
1
1688
0015
2
0510
0010
3
0484
0005
1
1199
1078
2
0402
1076
3
0411
1061
1
1172
0015
2
0445
0011
3
0411
0002
1
1175
0014
2
0774
0012
3
0506
0003
1
1326
0128
2
0943
0013
3
0643
0003
1
1772
0014
2
0845
0012
3
0738
0004
1
0989
0010
2
0501
0010
3
0471
0002
1
0976
0012
2
0499
0011
3
0448
0002
1
0568
0158
2
0427
0103
3
0379
0005
1
1354
0161
2
1261
0107
3
0564
0008
1
0692
0016
2
0479
0106
3
0403
0007
1
1963
0161
2
1661
0107
3
0722
0008
1
0621
0159
2
0411
0105
3
0388
0004
1
1643
0017
2
0581
0073
3
0525
0001
1
1525
0017
2
0647
0015
3
0514
0002
1
1548
0015
2
0607
0071
3
0507
0000
1
1594
0016
2
0556
0072
3
0522
0001
1
1111
0004
2
0406
0061
3
0355
0184
1
1452
0128
2
0630
0005
3
0519
0004
1
1030
0015
2
0411
0007
3
0435
0003
1
1002
0015
2
0411
0008
3
0440
0005
1
0853
0013
2
0344
0007
3
0411
0003
1
1060
0013
2
0365
0007
3
0435
0002
