1
1088
0023
2
2544
0124
3
0486
0127
1
0672
0081
2
0647
0105
3
0376
0112
1
0595
0012
2
0514
0002
3
0354
0109
1
0983
0012
2
0910
0106
3
0394
0007
1
0723
0004
2
1382
0107
3
0407
0112
1
0590
0003
2
0623
0103
3
0377
0106
1
1297
0008
2
2526
0109
3
0498
0106
1
0606
0003
2
0705
0104
3
0381
0105
1
1116
0006
2
1792
0107
3
0432
0110
1
0753
0005
2
1095
0106
3
0388
0107
1
1152
0139
2
2475
0023
3
0552
0120
1
0888
0008
2
1538
0009
3
0435
0103
1
0802
0083
2
1067
0008
3
0402
0101
1
0726
0084
2
0939
0008
3
0384
0102
1
0652
0004
2
0824
0106
3
0374
0104
1
0503
0000
2
0288
0000
3
0353
0102
1
0558
0004
2
0344
0001
3
0360
0006
1
0613
0004
2
0365
0000
3
0363
0002
1
0803
0009
2
0684
0005
3
0395
0005
1
0643
0006
2
0452
0004
3
0373
0004
1
0540
0003
2
0315
0000
3
0359
0104
1
0757
0012
2
0589
0004
3
0368
0012
1
0552
0010
2
0411
0002
3
0359
0112
1
0721
0011
2
0530
0004
3
0365
0010
1
0682
0011
2
0647
0002
3
0359
0011
