1
0958
3574
2
0921
3483
3
0411
3579
1
1781
0075
2
0873
0004
3
0398
0104
1
0966
0005
2
1297
0004
3
0375
0143
1
0745
0004
2
1100
0003
3
0351
0017
1
0504
0000
2
0223
0106
3
0331
0015
1
0505
0000
2
0205
2097
3
0325
2933
1
1312
0099
2
1969
0009
3
0689
0104
1
0717
0096
2
0800
0004
3
0411
0099
1
1002
0096
2
1099
0005
3
0493
0099
1
0785
0096
2
0693
0005
3
0411
0099
1
0994
0098
2
1364
0006
3
0493
0102
1
1841
0101
2
0853
0012
3
0527
0109
1
0900
0025
2
0266
0136
3
0377
0036
1
1114
0095
2
0523
0005
3
0402
0105
1
2084
0116
2
1241
0027
3
0664
0122
1
0951
0096
2
0629
0004
3
0377
0107
1
0543
0106
2
0557
0001
3
0352
0112
1
0884
0108
2
1402
0004
3
0384
0143
1
0617
0105
2
0741
0003
3
0360
0138
1
1112
0108
2
1913
0005
3
0411
0140
1
1689
0109
2
2965
0005
3
0518
0142
1
0561
0131
2
0411
0001
3
0349
0110
1
0507
0000
2
0231
0077
3
0342
0009
1
0634
0108
2
0365
0002
3
0346
5945
1
0815
0131
2
0618
0001
3
0350
0021
1
0535
0024
2
0231
0098
3
0339
0031
