1
1237
0074
2
0462
0060
3
0348
0139
1
2270
0094
2
1895
0081
3
0388
0157
1
0897
0144
2
0382
0020
3
0347
5614
1
1510
0020
2
1154
0018
3
0406
0152
1
0519
0000
2
0205
5416
3
0323
9783
1
0682
0003
2
0226
0136
3
0349
9647
1
1852
0094
2
0884
0080
3
0398
0132
1
1801
0092
2
0808
0077
3
0365
0132
1
1452
0076
2
0514
0061
3
0352
0116
1
1147
0004
2
0244
0135
3
0344
0043
1
1527
0095
2
1171
0082
3
0357
0138
1
0669
0004
2
0239
0035
3
0334
5367
1
0669
0004
2
0240
0036
3
0344
6443
1
0774
0114
2
0402
0083
3
0344
0059
1
1042
0095
2
0597
0083
3
0347
0059
1
0797
0132
2
0445
0000
3
0352
0135
1
0664
0131
2
0348
0001
3
0343
0136
1
0758
0002
2
0379
0000
3
0347
0135
1
0783
0003
2
0308
0000
3
0338
2160
1
0824
0002
2
0402
0000
3
0351
0138
1
0690
0002
2
0284
0000
3
0347
6341
1
0502
0000
2
0205
0073
3
0332
9721
1
0888
0020
2
0272
0019
3
0328
0317
1
0722
0019
2
0295
0018
3
0331
2814
1
0506
0002
2
0257
0002
3
0524
0000
