1
1288
0003
2
0514
0004
3
0333
0051
1
1934
0035
2
0458
0039
3
0813
0003
1
0921
0035
2
0303
0231
3
0536
0000
1
0552
0000
2
0222
8110
3
0340
3299
1
0824
0004
2
0385
0078
3
0348
4448
1
0669
0003
2
0255
0077
3
0332
7688
1
0716
0112
2
1180
0009
3
0346
9613
1
0733
0182
2
1389
0080
3
0362
0046
1
0597
0179
2
0974
0077
3
0347
6558
1
0583
0180
2
1056
0079
3
0346
4135
1
0560
0108
2
0780
0007
3
0346
8672
1
1004
0031
2
1390
0108
3
0504
0000
1
0582
0003
2
0953
0079
3
0343
0038
1
0660
0004
2
1359
0079
3
0348
0040
1
0503
0000
2
0274
0000
3
0343
7756
1
0549
0153
2
0869
0076
3
0344
3023
1
0924
0179
2
1328
0077
3
0339
2254
1
0769
0176
2
0856
0074
3
0351
0095
1
0684
0174
2
0638
0076
3
0340
9894
1
0537
0006
2
0279
0032
3
0340
6314
1
0754
0106
2
0689
0004
3
0340
0421
1
1117
0045
2
0906
0107
3
0627
0002
1
0890
0005
2
0881
0071
3
0352
0028
1
0698
0161
2
0995
0073
3
0344
0033
1
0691
0161
2
0733
0070
3
0345
0028
1
0666
0160
2
0870
0071
3
0340
0028
