1
0805
0184
2
0297
0081
3
0633
0002
1
1168
0003
2
0255
0114
3
0346
0057
1
1767
0164
2
0536
0093
3
0536
0002
1
1053
0161
2
0329
0071
3
0369
0165
1
0781
0160
2
0268
0071
3
0410
5680
1
0991
0157
2
1146
0072
3
0345
0047
1
0690
0011
2
0253
0219
3
0347
9889
1
0972
0158
2
1084
0071
3
0350
0051
1
0612
0037
2
0249
0217
3
0344
4961
1
0733
0152
2
0544
0068
3
0344
5089
1
0991
0157
2
1146
0072
3
0345
0047
1
0690
0011
2
0253
0219
3
0347
9889
1
0972
0158
2
1084
0071
3
0350
0051
1
0612
0037
2
0249
0217
3
0344
4961
1
0733
0152
2
0544
0068
3
0344
5089
1
1872
0141
2
0411
0076
3
0341
0181
1
1046
0018
2
0252
0214
3
0340
4392
1
1070
0137
2
0294
0073
3
0339
7195
1
1696
0140
2
0431
0077
3
0340
0172
1
1883
0141
2
0482
0077
3
0348
0035
1
1200
0116
2
0334
0062
3
0350
0155
1
2113
0157
2
0910
0103
3
0889
0003
1
0900
0149
2
0454
0066
3
0348
0158
1
1382
0185
2
0809
0102
3
0610
0002
1
1611
0155
2
0777
0102
3
0639
0002
1
2104
0141
2
0275
0321
3
0353
0054
1
3300
0164
2
0507
0094
3
0916
0003
1
1775
0140
2
0274
0069
3
0346
0035
1
2392
0142
2
0289
0321
3
0355
0058
1
2091
0142
2
0278
0319
3
0349
3480
