1
1136
0140
2
0259
0110
3
0334
5605
1
1124
0140
2
0296
0000
3
0340
0000
1
2101
0137
2
0763
0047
3
0348
0075
1
1830
0145
2
0411
0112
3
0369
0840
1
0759
0009
2
0227
0038
3
0360
0956
1
0527
0006
2
0239
0192
3
0340
9427
1
1107
0139
2
0299
0193
3
0340
7438
1
0987
0021
2
0280
0208
3
0337
2830
1
1030
0137
2
0282
0192
3
0341
0905
1
0927
0020
2
0269
0206
3
0342
9646
1
0560
0011
2
0253
0196
3
0343
1208
1
1790
0145
2
0921
0199
3
0365
0000
1
0817
0021
2
0310
0073
3
0343
5103
1
1638
0144
2
0660
0197
3
0346
0000
1
2503
0145
2
1220
0333
3
0381
0000
1
0922
0017
2
0263
0198
3
0340
8839
1
2905
0137
2
0723
0315
3
0349
0054
1
2524
0138
2
0540
0318
3
0343
0056
1
0940
0018
2
0263
0198
3
0340
1743
1
2412
0138
2
0527
0317
3
0341
0056
1
2905
0142
2
1135
0048
3
0343
0072
1
2148
0138
2
0610
0322
3
0337
1579
1
1670
0130
2
0426
0037
3
0334
3842
1
0678
0012
2
0253
0196
3
0337
9628
1
1206
0017
2
0301
0201
3
0337
4900
