1
1274
0010
2
0792
0003
3
0394
0003
1
2118
0144
2
2575
0005
3
0391
0009
1
2234
0147
2
1661
0004
3
0389
0012
1
1502
0135
2
0318
0046
3
0344
0079
1
2050
0143
2
0940
0004
3
0408
0006
1
2009
0143
2
1079
0335
3
0370
0002
1
1174
0142
2
0411
0331
3
0339
9909
1
1738
0144
2
0923
0335
3
0360
0000
1
1332
0145
2
0647
0334
3
0352
0000
1
1669
0143
2
0729
0334
3
0364
0000
1
1419
0137
2
0588
0195
3
0361
0007
1
1685
0007
2
0754
0195
3
0365
0006
1
0906
0136
2
0374
0196
3
0351
0010
1
0824
0135
2
0362
0194
3
0343
0002
1
1249
0135
2
0463
0194
3
0351
0000
1
2475
0138
2
0653
0047
3
0350
0073
1
0809
0010
2
0255
0060
3
0338
4269
1
1340
0015
2
0308
0065
3
0339
1151
1
2237
0134
2
0530
0044
3
0344
0072
1
0620
0011
2
0237
0063
3
0343
4510
1
1251
0128
2
0249
0175
3
0337
4240
1
2039
0137
2
0310
0185
3
0347
0077
1
2677
0139
2
0460
0188
3
0362
0000
1
0750
0011
2
0229
0060
3
0338
9803
1
1643
0137
2
0272
0187
3
0340
0001
