1
1681
0017
2
1869
0005
3
0402
0141
1
1601
0138
2
1645
0004
3
0411
0139
1
1722
0020
2
1720
0004
3
0374
0143
1
0824
0131
2
0312
0035
3
0343
0002
1
0875
0138
2
0664
0002
3
0356
0137
1
1245
0006
2
0469
0041
3
0352
0009
1
1254
0005
2
0437
0040
3
0352
0007
1
0801
0004
2
0316
0039
3
0342
0008
1
0752
0005
2
0332
0205
3
0341
4929
1
0727
0132
2
0297
0206
3
0342
1214
1
1265
0129
2
0384
0207
3
0350
0127
1
0782
0106
2
0318
0204
3
0340
9340
1
0792
0106
2
0304
0207
3
0340
0127
1
1008
0107
2
0402
0206
3
0346
0131
1
0628
0007
2
0269
0105
3
0340
9753
1
1475
0131
2
0352
0037
3
0347
0005
1
1130
0132
2
0315
0037
3
0340
0002
1
0723
0029
2
0226
0105
3
0343
6833
1
1975
0134
2
0738
0039
3
0368
0004
1
1054
0130
2
0283
0036
3
0340
0003
1
0844
0125
2
0241
0035
3
0337
3860
1
0756
0127
2
0243
0037
3
0340
0440
1
1267
0128
2
0281
0037
3
0340
0004
1
1369
0129
2
0307
0039
3
0344
0006
1
0597
0009
2
0222
0096
3
0337
3448
