1
0845
0137
2
0566
0001
3
0369
0140
1
1297
0139
2
0824
0008
3
0349
0042
1
2668
0025
2
2858
0005
3
0367
0148
1
0684
0124
2
0285
0073
3
0348
0127
1
0667
0114
2
0233
0072
3
0353
0125
1
2926
0147
2
2117
0227
3
0411
0149
1
1535
0129
2
0623
0209
3
0354
0135
1
1772
0145
2
0855
0224
3
0361
0149
1
2113
0145
2
1030
0225
3
0370
0148
1
2107
0147
2
1414
0225
3
0387
0153
1
2062
0143
2
1029
0223
3
0346
0148
1
2545
0142
2
1462
0221
3
0352
0044
1
1397
0140
2
0720
0222
3
0342
6453
1
1208
0122
2
0435
0203
3
0343
5807
1
0619
0010
2
0263
0096
3
0340
9577
1
1772
0140
2
0614
0002
3
0355
0028
1
1780
0141
2
0676
0002
3
0359
0027
1
1061
0123
2
0254
0214
3
0346
0126
1
0533
0012
2
0219
8447
3
0344
0015
1
1294
0124
2
0276
0214
3
0341
0130
1
1478
0117
2
0231
0000
3
0340
1829
1
0656
0011
2
0220
0373
3
0337
0605
1
0846
0012
2
0220
8779
3
0338
0005
1
0971
0014
2
0224
0109
3
0337
6064
1
1415
0119
2
0272
0000
3
0349
1496
