1
0536
0002
2
0245
0075
3
0342
0404
1
0635
0002
2
0249
0192
3
0356
0142
1
0610
0003
2
0277
0176
3
0370
0132
1
0884
0003
2
0274
0175
3
0353
0214
1
0502
0000
2
0231
0008
3
0341
0095
1
0527
0005
2
0256
0030
3
0340
5376
1
0950
0182
2
0559
0002
3
0355
0019
1
0550
0005
2
0282
0025
3
0337
2188
1
0561
0006
2
0277
0027
3
0336
0567
1
0691
0009
2
0300
0031
3
0337
2576
1
0519
0007
2
0246
0040
3
0337
0996
1
0544
0008
2
0256
0041
3
0336
8654
1
0582
0011
2
0261
0046
3
0337
7714
1
0524
0006
2
0249
0037
3
0334
4379
1
0595
0016
2
0253
0056
3
0334
0014
1
0638
0044
2
0502
0044
3
0359
0089
1
0801
0070
2
0727
0071
3
0371
0116
1
0568
0002
2
0428
0045
3
0346
0093
1
0859
0030
2
1149
0073
3
0427
0118
1
0502
0000
2
0334
0002
3
0337
0048
1
0597
0005
2
0456
0039
3
0340
0001
1
0824
0043
2
0867
0077
3
0348
0038
1
0530
0002
2
0361
0035
3
0337
0762
1
0519
0002
2
0565
0037
3
0337
5166
1
0505
0000
2
0346
0035
3
0336
7008
