1
0792
0017
2
0269
0055
3
0379
0142
1
1014
0136
2
0411
0066
3
0356
0229
1
0824
0114
2
0250
0001
3
0380
0135
1
0597
0002
2
0248
0074
3
0378
0128
1
0510
0000
2
0220
0049
3
0356
0012
1
0514
0027
2
0224
0030
3
0338
0552
1
0865
0131
2
0288
0045
3
0349
0155
1
1299
0133
2
0323
0045
3
0356
0152
1
0614
0119
2
0237
0037
3
0340
0013
1
0626
0119
2
0239
0034
3
0342
0147
1
0780
0122
2
0282
0151
3
0344
0144
1
1098
0124
2
0306
0153
3
0344
0148
1
0885
0117
2
0276
0150
3
0336
1603
1
0611
0011
2
0240
0044
3
0334
3867
1
0555
0006
2
0229
0042
3
0336
2120
1
0506
6046
2
0240
6077
3
0336
9340
1
0512
0001
2
0240
0032
3
0340
0398
1
0514
0001
2
0247
0030
3
0337
6290
1
1043
0007
2
0346
0038
3
0344
0146
1
0608
0004
2
0265
0035
3
0334
0135
1
0604
0128
2
0333
0082
3
0373
1297
1
0657
0129
2
0486
0084
3
0375
0008
1
0821
0130
2
0514
0082
3
0381
0007
1
0701
0127
2
0360
0080
3
0370
5843
1
0598
0292
2
0360
0083
3
0367
2528
