1
1449
0004
2
0298
0106
3
0362
0048
1
1999
0130
2
0604
0037
3
0406
0043
1
1303
0003
2
0323
0181
3
0366
0042
1
2576
0020
2
0377
0104
3
0379
0056
1
2251
0005
2
0346
0041
3
0394
0041
1
1656
0131
2
0551
0167
3
0338
0048
1
2233
0134
2
0711
0167
3
0341
0166
1
1030
0130
2
0348
0166
3
0339
0912
1
2258
6616
2
0824
6648
3
0519
0000
1
1340
0132
2
0451
0167
3
0338
1633
1
2561
0128
2
0962
0036
3
0340
0042
1
1665
0128
2
0434
0035
3
0347
5664
1
0958
0125
2
0274
0167
3
0334
0055
1
1762
0128
2
0481
0036
3
0334
0349
1
1767
0129
2
0494
0036
3
0334
3002
1
0514
0003
2
0256
0021
3
0365
9678
1
0679
0144
2
0345
0100
3
0363
1474
1
1179
0004
2
0605
0104
3
0364
0042
1
0619
0140
2
0353
0098
3
0362
8693
1
1072
0146
2
0604
0103
3
0361
0041
1
1470
0148
2
0798
0034
3
0377
0044
1
0614
0126
2
0264
0030
3
0358
9941
1
0777
0146
2
0316
0220
3
0356
8860
1
0727
0147
2
0299
0220
3
0355
4670
1
0525
0017
2
0244
0088
3
0352
3524
