1
1408
0129
2
0411
0037
3
0352
0076
1
3200
0150
2
1291
0004
3
0456
0007
1
2837
0024
2
0918
0003
3
0447
0005
1
1322
0150
2
0411
0082
3
0370
0049
1
2219
0131
2
0522
0038
3
0382
0078
1
1108
0124
2
0265
0164
3
0334
6296
1
1807
0130
2
0315
0172
3
0334
0068
1
0734
0010
2
0242
0053
3
0334
7980
1
1770
0129
2
0363
0035
3
0334
0068
1
0945
0011
2
0246
0052
3
0334
41461
1329
0130
2
0280
0226
3
0334
0071
1
1202
0128
2
0261
0225
3
0334
2082
1
0848
0012
2
0230
0180
3
0334
2175
1
1052
0128
2
0250
0296
3
0334
3463
1
1122
0015
2
0244
0111
3
0339
2226
1
1232
0133
2
0730
0224
3
0359
0050
1
0729
0129
2
0393
0221
3
0355
2250
1
1409
0133
2
1159
0223
3
0369
0048
1
1446
0134
2
1365
0225
3
0369
0049
1
0743
0131
2
0722
0221
3
0355
3987
1
2274
0142
2
2005
0243
3
0402
0004
1
1290
0133
2
0850
0223
3
0361
2821
1
1030
0121
2
1204
0223
3
0363
3456
1
1195
0004
2
1167
0222
3
0363
0074
1
0886
0004
2
0774
0222
3
0358
0075
