1
1921
0032
2
1360
0003
3
0401
0102
1
2372
0034
2
2494
0004
3
0402
0025
1
2971
0034
2
1487
0003
3
0387
0024
1
2503
0030
2
0987
0003
3
0473
0102
1
2932
0034
2
2153
0004
3
0432
0023
1
1276
0127
2
0303
0295
3
0340
0076
1
2090
0125
2
0923
0296
3
0354
0075
1
0540
0007
2
0228
0096
3
0348
7098
1
0743
0011
2
0257
0178
3
0338
6746
1
1600
0128
2
0352
0297
3
0340
0075
1
1168
0123
2
0333
0293
3
0338
8353
1
1079
0123
2
0308
0293
3
0334
3693
1
1206
0124
2
0320
0295
3
0339
0001
1
1756
0146
2
0580
0001
3
0360
0020
1
1809
0148
2
0687
0003
3
0355
0023
1
1967
0027
2
1159
0246
3
0376
0014
1
1372
0123
2
1026
0222
3
0365
0077
1
1091
0125
2
0343
0221
3
0352
0077
1
0506
0003
2
0231
0088
3
0347
4179
1
0547
0006
2
0235
0097
3
0349
7705
1
0572
0007
2
0234
0091
3
0344
8804
1
0636
0009
2
0240
0096
3
0346
5421
1
0579
0152
2
0228
0035
3
0347
4436
1
1064
0124
2
0253
0077
3
0345
9967
1
0651
0013
2
0231
0036
3
0346
3463
