1
0579
0099
2
0253
0067
3
0340
8750
1
0689
0100
2
0257
0005
3
0342
0101
1
0756
0002
2
0286
0005
3
0351
0095
1
0875
0004
2
0240
0008
3
0348
0097
1
0733
0003
2
0244
0008
3
0345
3729
1
0510
0008
2
0226
0100
3
0334
6109
1
0689
0108
2
0249
0212
3
0340
0300
1
0759
0111
2
0260
0212
3
0334
2674
1
1108
0111
2
0287
0214
3
0334
0003
1
0744
0118
2
0257
0211
3
0345
4661
1
1311
0110
2
0255
0084
3
0334
4091
1
0514
0003
2
0205
0030
3
0337
9050
1
1134
0110
2
0242
0085
3
0340
0021
1
1703
0139
2
0655
0003
3
0337
0127
1
0944
0013
2
0231
0114
3
0334
5704
1
0979
0126
2
0402
0215
3
0352
0001
1
1326
0036
2
1268
0005
3
0368
0031
1
0908
0030
2
0527
0001
3
0355
7751
1
0724
0110
2
0252
0209
3
0349
0105
1
0596
0109
2
0243
0078
3
0348
9240
1
2589
0041
2
2785
0006
3
0401
0136
1
1528
0144
2
1621
0005
3
0372
0134
1
2297
0145
2
2108
0006
3
0380
0133
1
1097
0142
2
0707
0002
3
0349
0133
1
1480
0146
2
1652
0006
3
0381
0142
